Date : 2023-11-06_11-02-32
Modèle : conv1D_2023-11-06_10-57-57.h5
Historique :
{'loss': [1.9378031492233276, 0.8152359127998352, 0.5531209111213684, 0.4037087857723236, 0.3012489378452301, 0.2155074030160904, 0.20652316510677338, 0.20572520792484283, 0.20649917423725128, 0.2066279500722885, 0.2050534337759018], 'accuracy': [0.48346877098083496, 0.7716981768608093, 0.841046929359436, 0.8849879503250122, 0.915753960609436, 0.9451510310173035, 0.947476863861084, 0.9488017559051514, 0.948006808757782, 0.94837486743927, 0.9482718110084534], 'val_loss': [1.0528076887130737, 0.7735069990158081, 0.7019256949424744, 0.6874243021011353, 0.7033919095993042, 0.699177622795105, 0.699435830116272, 0.6994561553001404, 0.6994583606719971, 0.6994582414627075, 0.6994583606719971], 'val_accuracy': [0.7114343047142029, 0.7786151766777039, 0.7986928820610046, 0.8036386966705322, 0.8034620881080627, 0.8049340844154358, 0.8050518035888672, 0.8051106929779053, 0.8051106929779053, 0.8051106929779053, 0.8051106929779053], 'lr': [0.001, 0.001, 0.001, 0.001, 0.001, 0.000100000005, 1.0000001e-05, 1.0000001e-06, 1.0000001e-07, 1.0000001e-08, 1.0000001e-09]}
F1-score : 0.7867716256709145
F1-score pondéré : 0.8046106498749038
Rapport de classification :
              precision    recall  f1-score   support

           0       0.40      0.59      0.48       612
           1       0.69      0.61      0.64       521
           2       0.78      0.81      0.80       357
           3       0.96      0.80      0.87       161
           4       0.75      0.78      0.77       539
           5       0.85      0.87      0.86       786
           6       0.75      0.57      0.65       146
           7       0.71      0.70      0.70       961
           8       0.65      0.53      0.59       424
           9       0.94      0.94      0.94       974
          10       0.97      0.90      0.93       169
          11       0.81      0.79      0.80       507
          12       0.80      0.76      0.78       672
          13       0.82      0.88      0.85      1013
          14       0.92      0.92      0.92       841
          15       0.88      0.84      0.86       137
          16       0.82      0.82      0.82      1029
          17       0.83      0.78      0.80       170
          18       0.70      0.70      0.70       942
          19       0.76      0.73      0.74       986
          20       0.73      0.74      0.73       306
          21       0.90      0.92      0.91       991
          22       0.74      0.71      0.73       462
          23       0.97      0.98      0.97      2047
          24       0.82      0.74      0.78       525
          25       0.70      0.60      0.65       517
          26       0.97      0.99      0.98       189

    accuracy                           0.80     16984
   macro avg       0.80      0.78      0.79     16984
weighted avg       0.81      0.80      0.80     16984

